helnim=
	{
		location=3087
		members=
		{
			3068 3069 3070 3071 3072 3073 3074 3075 3076 3077 3078 3079 3080 3081 3082 3083 3084 3085 3086 3087 3088 3089 3090 3091 3092 3093 3094 3097 3098 3099 3100 3373
		}
		outgoing=
		{
			name="balmora"
			path=
			{
				3363 3364 3041 3044 3048 3055 3056			}
			control=
			{
 			}
		}
	}

balmora=
	{
		location=3056
		members=
		{
			3027 3028 3029 3030 3031 3032 3033 3034 3035 3036 3037 3038 3039 3040 3041 3042 3043 3044 3045 3046 3047 3048 3049 3050 3051 3052 3053 3054 3055 3056 3057 3058 3059 3060 3061 3062 3063 3064 3065 3066 3067 3364 3366
		}
		end=yes
	}

ebonheart=
	{
		location=3113
		members=
		{
			3095 3096 3101 3102 3103 3105 3106 3107 3111 3104 3107 3109 3110 3111 3112 3113 3114 3115 3116 3120 3121 3122 3123 3124 3125 3126 3127 3148 3154 3159
		}
		end=yes
	}

narsis=
	{
		location=3163
		members=
		{
			3117 3119 3128 3129 3135 3136 3137 3138 3139 3140 3141 3142 3160 3161 3162 3163 3164 3165 3166 3167 3168 3169 3176 3177 3179
		}
		end=yes
	}

blacklight=
	{
		location=3157
		members=
		{
			3143 3144 3145 3146 3147 3149 3150 3151 3152 3153 3155 3156 3157 3158 3244 3245 3246 3247 3248 3249 3250 3251 3252 3257 3258 3275 3276 3277 3278 3279 3285 3356
		}
		end=yes
	}

thorn=
	{
		location=3184
		members=
		{
			3108 3118 3130 3131 3132 3133 3134 3170 3171 3172 3173 3174 3175 3184
		}
		end=yes
	}

murkwood=
	{
		location=3186
		members=
		{
			3178 3180 3182 3183 3185 3186 3187 3188 3194 3195 3197 3198 3199 3201 3203 3204 3206 3207 3219 3220 3224 3225
		}
		end=yes
	}

archon=
	{
		location=3211
		members=
		{
			3189 3190 3191 3192 3193 3200 3202 3205 3208 3209 3210 3211 3212 3213 3214 3215 3216 3217 3223 3382
		}
		end=yes
	}

gideon=
	{
		location=3238
		members=
		{
			3196 3218 3221 3222 3226 3227 3228 3229 3230 3231 3232 3233 3234 3235 3236 3237 3238 3239 3240 3241
		}
		end=yes
	}

riften=
	{
		location=3261
		members=
		{
			3253 3254 3259 3260 3261 3262 3263 3264 3265 3266 3267 3268 3269 3270 3271 3272 3273 3274 3319 3320
		}
		end=yes
	}

whiterun=
	{
		location=3311
		members=
		{
			3255 3256 3282 3283 3284 3305 3306 3307 3308 3309 3310 3311 3312 3313 3314 3315 3316 3317 3318 3321 3322 3323 3324 3325 3326 3327
		}
		end=yes
	}

solitude=
	{
		location=3290
		members=
		{
			3280 3281 3287 3288 3289 3290 3291 3292 3293 3294 3295 3296 3297 3298 3299 3300 3301 3302 3303 3304 3328 3329 3330 3331 3332 3333
		}
		end=yes
	}